0.0022675736961451248 0.0022675736961451248 0.0022675736961451248 0.0022675736961451248 0.0022675736961451248 0.0022675736961451248 0.0022675736961451248 0.0022675736961451248 0.0022675736961451248 0.0022675736961451248 0.0022675736961451248 0.0022675736961451248 0.0022675736961451248 0.0022675736961451248 0.0022675736961451248 0.0022675736961451248 0.0022675736961451248 0.0022675736961451248 0.0022675736961451248 0.0022675736961451248 0.0022675736961451248 
0.0022675736961451248 0.0022675736961451248 0.0022675736961451248 0.0022675736961451248 0.0022675736961451248 0.0022675736961451248 0.0022675736961451248 0.0022675736961451248 0.0022675736961451248 0.0022675736961451248 0.0022675736961451248 0.0022675736961451248 0.0022675736961451248 0.0022675736961451248 0.0022675736961451248 0.0022675736961451248 0.0022675736961451248 0.0022675736961451248 0.0022675736961451248 0.0022675736961451248 0.0022675736961451248 
0.0022675736961451248 0.0022675736961451248 0.0022675736961451248 0.0022675736961451248 0.0022675736961451248 0.0022675736961451248 0.0022675736961451248 0.0022675736961451248 0.0022675736961451248 0.0022675736961451248 0.0022675736961451248 0.0022675736961451248 0.0022675736961451248 0.0022675736961451248 0.0022675736961451248 0.0022675736961451248 0.0022675736961451248 0.0022675736961451248 0.0022675736961451248 0.0022675736961451248 0.0022675736961451248 
0.0022675736961451248 0.0022675736961451248 0.0022675736961451248 0.0022675736961451248 0.0022675736961451248 0.0022675736961451248 0.0022675736961451248 0.0022675736961451248 0.0022675736961451248 0.0022675736961451248 0.0022675736961451248 0.0022675736961451248 0.0022675736961451248 0.0022675736961451248 0.0022675736961451248 0.0022675736961451248 0.0022675736961451248 0.0022675736961451248 0.0022675736961451248 0.0022675736961451248 0.0022675736961451248 
0.0022675736961451248 0.0022675736961451248 0.0022675736961451248 0.0022675736961451248 0.0022675736961451248 0.0022675736961451248 0.0022675736961451248 0.0022675736961451248 0.0022675736961451248 0.0022675736961451248 0.0022675736961451248 0.0022675736961451248 0.0022675736961451248 0.0022675736961451248 0.0022675736961451248 0.0022675736961451248 0.0022675736961451248 0.0022675736961451248 0.0022675736961451248 0.0022675736961451248 0.0022675736961451248 
0.0022675736961451248 0.0022675736961451248 0.0022675736961451248 0.0022675736961451248 0.0022675736961451248 0.0022675736961451248 0.0022675736961451248 0.0022675736961451248 0.0022675736961451248 0.0022675736961451248 0.0022675736961451248 0.0022675736961451248 0.0022675736961451248 0.0022675736961451248 0.0022675736961451248 0.0022675736961451248 0.0022675736961451248 0.0022675736961451248 0.0022675736961451248 0.0022675736961451248 0.0022675736961451248 
0.0022675736961451248 0.0022675736961451248 0.0022675736961451248 0.0022675736961451248 0.0022675736961451248 0.0022675736961451248 0.0022675736961451248 0.0022675736961451248 0.0022675736961451248 0.0022675736961451248 0.0022675736961451248 0.0022675736961451248 0.0022675736961451248 0.0022675736961451248 0.0022675736961451248 0.0022675736961451248 0.0022675736961451248 0.0022675736961451248 0.0022675736961451248 0.0022675736961451248 0.0022675736961451248 
0.0022675736961451248 0.0022675736961451248 0.0022675736961451248 0.0022675736961451248 0.0022675736961451248 0.0022675736961451248 0.0022675736961451248 0.0022675736961451248 0.0022675736961451248 0.0022675736961451248 0.0022675736961451248 0.0022675736961451248 0.0022675736961451248 0.0022675736961451248 0.0022675736961451248 0.0022675736961451248 0.0022675736961451248 0.0022675736961451248 0.0022675736961451248 0.0022675736961451248 0.0022675736961451248 
0.0022675736961451248 0.0022675736961451248 0.0022675736961451248 0.0022675736961451248 0.0022675736961451248 0.0022675736961451248 0.0022675736961451248 0.0022675736961451248 0.0022675736961451248 0.0022675736961451248 0.0022675736961451248 0.0022675736961451248 0.0022675736961451248 0.0022675736961451248 0.0022675736961451248 0.0022675736961451248 0.0022675736961451248 0.0022675736961451248 0.0022675736961451248 0.0022675736961451248 0.0022675736961451248 
0.0022675736961451248 0.0022675736961451248 0.0022675736961451248 0.0022675736961451248 0.0022675736961451248 0.0022675736961451248 0.0022675736961451248 0.0022675736961451248 0.0022675736961451248 0.0022675736961451248 0.0022675736961451248 0.0022675736961451248 0.0022675736961451248 0.0022675736961451248 0.0022675736961451248 0.0022675736961451248 0.0022675736961451248 0.0022675736961451248 0.0022675736961451248 0.0022675736961451248 0.0022675736961451248 
0.0022675736961451248 0.0022675736961451248 0.0022675736961451248 0.0022675736961451248 0.0022675736961451248 0.0022675736961451248 0.0022675736961451248 0.0022675736961451248 0.0022675736961451248 0.0022675736961451248 0.0022675736961451248 0.0022675736961451248 0.0022675736961451248 0.0022675736961451248 0.0022675736961451248 0.0022675736961451248 0.0022675736961451248 0.0022675736961451248 0.0022675736961451248 0.0022675736961451248 0.0022675736961451248 
0.0022675736961451248 0.0022675736961451248 0.0022675736961451248 0.0022675736961451248 0.0022675736961451248 0.0022675736961451248 0.0022675736961451248 0.0022675736961451248 0.0022675736961451248 0.0022675736961451248 0.0022675736961451248 0.0022675736961451248 0.0022675736961451248 0.0022675736961451248 0.0022675736961451248 0.0022675736961451248 0.0022675736961451248 0.0022675736961451248 0.0022675736961451248 0.0022675736961451248 0.0022675736961451248 
0.0022675736961451248 0.0022675736961451248 0.0022675736961451248 0.0022675736961451248 0.0022675736961451248 0.0022675736961451248 0.0022675736961451248 0.0022675736961451248 0.0022675736961451248 0.0022675736961451248 0.0022675736961451248 0.0022675736961451248 0.0022675736961451248 0.0022675736961451248 0.0022675736961451248 0.0022675736961451248 0.0022675736961451248 0.0022675736961451248 0.0022675736961451248 0.0022675736961451248 0.0022675736961451248 
0.0022675736961451248 0.0022675736961451248 0.0022675736961451248 0.0022675736961451248 0.0022675736961451248 0.0022675736961451248 0.0022675736961451248 0.0022675736961451248 0.0022675736961451248 0.0022675736961451248 0.0022675736961451248 0.0022675736961451248 0.0022675736961451248 0.0022675736961451248 0.0022675736961451248 0.0022675736961451248 0.0022675736961451248 0.0022675736961451248 0.0022675736961451248 0.0022675736961451248 0.0022675736961451248 
0.0022675736961451248 0.0022675736961451248 0.0022675736961451248 0.0022675736961451248 0.0022675736961451248 0.0022675736961451248 0.0022675736961451248 0.0022675736961451248 0.0022675736961451248 0.0022675736961451248 0.0022675736961451248 0.0022675736961451248 0.0022675736961451248 0.0022675736961451248 0.0022675736961451248 0.0022675736961451248 0.0022675736961451248 0.0022675736961451248 0.0022675736961451248 0.0022675736961451248 0.0022675736961451248 
0.0022675736961451248 0.0022675736961451248 0.0022675736961451248 0.0022675736961451248 0.0022675736961451248 0.0022675736961451248 0.0022675736961451248 0.0022675736961451248 0.0022675736961451248 0.0022675736961451248 0.0022675736961451248 0.0022675736961451248 0.0022675736961451248 0.0022675736961451248 0.0022675736961451248 0.0022675736961451248 0.0022675736961451248 0.0022675736961451248 0.0022675736961451248 0.0022675736961451248 0.0022675736961451248 
0.0022675736961451248 0.0022675736961451248 0.0022675736961451248 0.0022675736961451248 0.0022675736961451248 0.0022675736961451248 0.0022675736961451248 0.0022675736961451248 0.0022675736961451248 0.0022675736961451248 0.0022675736961451248 0.0022675736961451248 0.0022675736961451248 0.0022675736961451248 0.0022675736961451248 0.0022675736961451248 0.0022675736961451248 0.0022675736961451248 0.0022675736961451248 0.0022675736961451248 0.0022675736961451248 
0.0022675736961451248 0.0022675736961451248 0.0022675736961451248 0.0022675736961451248 0.0022675736961451248 0.0022675736961451248 0.0022675736961451248 0.0022675736961451248 0.0022675736961451248 0.0022675736961451248 0.0022675736961451248 0.0022675736961451248 0.0022675736961451248 0.0022675736961451248 0.0022675736961451248 0.0022675736961451248 0.0022675736961451248 0.0022675736961451248 0.0022675736961451248 0.0022675736961451248 0.0022675736961451248 
0.0022675736961451248 0.0022675736961451248 0.0022675736961451248 0.0022675736961451248 0.0022675736961451248 0.0022675736961451248 0.0022675736961451248 0.0022675736961451248 0.0022675736961451248 0.0022675736961451248 0.0022675736961451248 0.0022675736961451248 0.0022675736961451248 0.0022675736961451248 0.0022675736961451248 0.0022675736961451248 0.0022675736961451248 0.0022675736961451248 0.0022675736961451248 0.0022675736961451248 0.0022675736961451248 
0.0022675736961451248 0.0022675736961451248 0.0022675736961451248 0.0022675736961451248 0.0022675736961451248 0.0022675736961451248 0.0022675736961451248 0.0022675736961451248 0.0022675736961451248 0.0022675736961451248 0.0022675736961451248 0.0022675736961451248 0.0022675736961451248 0.0022675736961451248 0.0022675736961451248 0.0022675736961451248 0.0022675736961451248 0.0022675736961451248 0.0022675736961451248 0.0022675736961451248 0.0022675736961451248 
0.0022675736961451248 0.0022675736961451248 0.0022675736961451248 0.0022675736961451248 0.0022675736961451248 0.0022675736961451248 0.0022675736961451248 0.0022675736961451248 0.0022675736961451248 0.0022675736961451248 0.0022675736961451248 0.0022675736961451248 0.0022675736961451248 0.0022675736961451248 0.0022675736961451248 0.0022675736961451248 0.0022675736961451248 0.0022675736961451248 0.0022675736961451248 0.0022675736961451248 0.0022675736961451248 
